"Rzeczywista","Przewidziana","P_BARBUNYA","P_BOMBAY","P_CALI","P_DERMASON","P_HOROZ","P_SEKER","P_SIRA"
"SEKER","DERMASON",4.33440758623673e-09,3.46167165744597e-20,7.9628313184236e-13,0.66372526930067,5.88445816652166e-16,0.336271876709696,2.84965443018144e-06
"SEKER","SEKER",6.81070067768013e-10,2.23540777004148e-21,1.02676620792532e-11,0.00180868277557277,6.58221083427643e-17,0.998191194579957,1.21953132468034e-07
"SEKER","SEKER",9.88054694968476e-08,2.34054284098303e-19,1.27229491134094e-11,0.0114615528825012,3.52775924336192e-14,0.988538080722701,2.67576570092153e-07
"SEKER","SEKER",4.76368513816842e-08,2.14910371764228e-19,7.93214489012396e-11,0.0148876923225513,2.40300651850905e-14,0.985111600383142,6.59578109898911e-07
"SEKER","SEKER",1.49940732457234e-07,9.74749521120154e-20,5.45767835840047e-10,0.000252180673044653,5.5271341728068e-13,0.999747662114995,6.72490738186449e-09
"SEKER","SEKER",1.95714007019267e-07,3.46133290566813e-19,3.17175607437523e-11,0.00434134993435996,1.24341625921752e-13,0.995658329933409,1.24386382269234e-07
"SEKER","SEKER",4.56950824843058e-08,6.28344734300726e-20,1.53044064473412e-10,0.00120883018823987,5.56402884805978e-14,0.998791087254835,3.67087424925298e-08
"SEKER","SEKER",1.8428279201235e-08,9.17843846151251e-20,9.31190591139673e-10,0.00462661858557776,2.13551292985989e-14,0.995372987704882,3.74350049477009e-07
"SEKER","SEKER",2.68413854367025e-07,2.58556545659328e-18,4.11481988313548e-11,0.00717633111911934,1.79073422923467e-18,0.992822517374432,8.83051446570477e-07
"SEKER","SEKER",0.000172347804453834,3.69718811667084e-17,1.52105588665163e-07,0.000264555625022133,6.41912282876076e-08,0.999562878440002,1.83370509239072e-09
"SEKER","SEKER",2.20937992891369e-08,2.95248966724441e-19,4.25237790270714e-09,0.00597913869715513,2.3394905333695e-14,0.994018802850517,2.03210612705774e-06
"SEKER","SEKER",2.76749753547169e-07,1.42440023787623e-16,4.8586051109216e-08,0.293785524641648,4.99177874546598e-14,0.703166358630888,0.00304779139160945
"SEKER","SEKER",5.6499089693425e-07,3.61106525356725e-19,1.24714940556296e-09,0.000347762049601505,3.93943430408784e-12,0.999651663457015,8.2513976304136e-09
"SEKER","SEKER",2.15471888819721e-05,6.5322586873579e-18,2.57020787784264e-08,0.000262056605276285,1.9110083472606e-09,0.999716365792505,2.8002495790292e-09
"SEKER","SEKER",5.84186814110704e-05,1.47404530572297e-17,6.4390491721698e-08,0.000266965518269968,1.09411325410295e-08,0.9996745382674,2.20129487061136e-09
"SEKER","SEKER",5.17854693155515e-05,1.53056580323636e-17,3.63845662360018e-08,0.000195007741264944,5.48160556516288e-09,0.999753162091592,2.83165593930882e-09
"SEKER","DERMASON",1.17029610470672e-06,2.87067710495635e-15,7.73156180535048e-06,0.89464330502077,1.62286778325798e-11,0.0910007703647735,0.0143470227403149
"SEKER","SEKER",3.64590399363781e-07,1.12858292187915e-16,1.54634324005834e-08,0.144052787019692,5.40629422262869e-15,0.855125906471818,0.000820926454652113
"SEKER","SEKER",3.13267521565445e-08,5.79948300049683e-20,1.36668350169118e-10,0.00028928726902248,1.79550173144747e-14,0.999710642063031,3.92045083276976e-08
"SEKER","SEKER",3.23947430051382e-08,2.23386666461906e-19,1.52334759341176e-10,0.0017415867600318,8.33135180202058e-15,0.998257714291003,6.66401879034334e-07
"SEKER","SEKER",4.55589610669883e-09,4.45476180142191e-20,4.3535768768775e-10,0.000777827124183482,1.02172122624699e-15,0.999221539545949,6.28338613129266e-07
"SEKER","SEKER",2.65181805619608e-09,5.59583133035511e-20,1.76509888792779e-09,0.000230808990300149,8.59276761177557e-20,0.999768984617126,2.01975656627898e-07
"SEKER","SEKER",6.14170369869425e-08,1.26920262079326e-19,1.36224155287903e-10,0.000384189959301302,3.58020285753525e-14,0.999615690554688,5.79327135366059e-08
"SEKER","SEKER",6.33088826833883e-08,5.84546607159174e-18,2.69346317052258e-08,0.0177708832954752,3.62549460860909e-14,0.982146623627632,8.24028333418632e-05
"SEKER","SEKER",4.17793419255203e-08,2.12622478605536e-19,8.11424676201054e-10,0.00126806857043648,3.37789129559653e-14,0.998731575529004,3.13309759316696e-07
"SEKER","SEKER",6.00640269197494e-08,4.93556850394426e-19,9.69789686784584e-10,0.00230391776560615,3.96220465757231e-14,0.997695114456333,9.06744204256505e-07
"SEKER","SEKER",5.32479646816454e-07,3.25402509639486e-18,9.21457838593902e-10,0.00581291188390504,6.8453976664346e-13,0.994185531692407,1.02302189875012e-06
"SEKER","SEKER",1.62298517940605e-07,8.24695194579878e-18,6.97081225970087e-09,0.0139821983178248,8.37011766802631e-14,0.985981089905253,3.65425075088766e-05
"SEKER","SEKER",1.57175882420633e-07,2.93556381944318e-18,1.27044200249323e-10,0.00471894832115437,1.47329696494248e-14,0.995274350701453,6.54367445116031e-06
"SEKER","SEKER",1.73938792844449e-06,7.17767622541914e-16,3.37978796365521e-05,0.174603409820792,3.72402782106518e-11,0.823979427781365,0.00138162509303635
"SEKER","SEKER",3.00623899234232e-07,2.34648842639512e-19,1.52206048037009e-09,0.000121758756687575,1.39862394460514e-12,0.999877931449802,7.64615243955003e-09
"SEKER","SEKER",1.05611369212369e-05,4.34762996717607e-18,1.25486161811787e-08,8.24412400906891e-05,3.30849913196968e-10,0.999906981414424,3.32909755748353e-09
"SEKER","SEKER",3.59488764836281e-07,9.48152304577757e-16,0.000243535048782732,0.072935303688236,1.62154069890811e-15,0.924492063032831,0.00232873874138259
"SEKER","SEKER",4.11288387989834e-05,1.18335156055791e-17,5.03305408653374e-08,0.000130352507280136,4.81669154179763e-09,0.999828461320118,2.18657089724252e-09
"SEKER","SEKER",1.48422099839081e-06,6.39142593638325e-16,3.32631575722643e-06,0.294450323072803,4.62674406299705e-17,0.69564555185117,0.00989931453927125
"SEKER","SEKER",3.66574216287095e-07,7.29122997247509e-18,5.29452051108472e-10,0.00414891019443597,8.80095593932546e-14,0.99584334379122,7.37891058802807e-06
"SEKER","SEKER",1.75786318014951e-09,1.94993648162733e-20,4.94268926583807e-10,5.46982961494517e-05,6.84471907308736e-17,0.999945044191931,2.55259787324263e-07
"SEKER","SEKER",3.98057286196042e-06,2.95360677901689e-16,1.56806045147715e-07,0.0960275435489108,1.75474967742788e-11,0.903824088461563,0.000144230593071297
"SEKER","SEKER",3.46127884784858e-07,3.94580750751078e-18,1.95848801497442e-09,0.00329402771538148,2.97091652733836e-13,0.9967033625975,2.26160044895068e-06
"SEKER","SEKER",9.22173773521867e-08,5.39664286179229e-19,5.13912933030824e-09,0.000769903121004085,1.61608420792294e-13,0.999229669290954,3.30231373858156e-07
"SEKER","SEKER",3.23558188423012e-05,9.45734459938128e-18,4.80424981599156e-08,0.000102258820657561,3.36799347294642e-09,0.999865331931496,2.01851237051719e-09
"SEKER","SEKER",5.81047600813142e-06,1.15544487734776e-17,3.36800082707772e-10,0.00172731858100131,1.17069950788065e-11,0.99826670440942,1.66185063479652e-07
"SEKER","SEKER",1.94417909657333e-06,1.10076502320578e-18,4.23514536365565e-09,7.60409849489734e-05,2.18400479257252e-11,0.999922005873405,4.70556402005041e-09
"SEKER","SEKER",2.57998720065465e-07,1.30827839397874e-18,5.03098793527576e-10,0.000720119598180462,1.59371946884778e-13,0.999279240098361,3.8180148020318e-07
"SEKER","SEKER",3.78793911124611e-06,2.79224217628072e-18,2.3871331257334e-09,6.14568595676459e-05,2.38621738787371e-11,0.999934744317475,8.47285126273664e-09
"SEKER","SEKER",1.9707875488084e-06,1.67946547885067e-16,5.28077721530878e-07,0.0377419034441976,1.04714318766518e-11,0.962142552432835,0.000113045247225132
"SEKER","SEKER",7.45824763397956e-08,1.33574301103529e-18,8.01429286441266e-10,0.000481644816374768,2.84619824050044e-15,0.999516448883038,1.8309166792332e-06
"SEKER","SEKER",6.58656775335218e-08,3.3438017376435e-18,4.67154904757327e-08,0.00202845944456152,5.3827434522633e-14,0.997956590070477,1.48379037398375e-05
"SEKER","SEKER",1.56019831455302e-07,1.35707218229034e-18,1.25147211928718e-09,0.000721138908845363,8.87354741252302e-14,0.999277877296455,8.26523307343469e-07
"SEKER","SEKER",5.90729204871915e-07,3.92736876094964e-17,1.6997735579194e-07,0.0116733774690701,1.37508142950126e-12,0.988275484159291,5.03776637033764e-05
"SEKER","SEKER",5.28751425065558e-06,8.14250451444629e-16,4.0731246412856e-07,0.123804604632138,2.16757521987034e-11,0.875677782877015,0.000511917642455791
"SEKER","SEKER",3.06203250471766e-06,1.76316916415668e-18,6.96475505924337e-09,9.67859619247027e-05,4.83676795441589e-11,0.99990013964766,5.34478791262172e-09
"SEKER","SEKER",1.18926246446802e-07,8.82451291423708e-18,1.58493223367653e-07,0.00649821484477614,1.84324129615578e-13,0.993462408154911,3.90995806587058e-05
"SEKER","SEKER",7.43732998859789e-07,9.45744356781054e-18,6.81038022897446e-09,0.00229034817315287,1.07560302505216e-12,0.997706418640227,2.48264216498943e-06
"SEKER","SEKER",6.58947618010143e-06,3.08268797339752e-18,1.09510962084759e-08,3.12673674305564e-05,1.27502273634444e-10,0.999962129112976,2.96481516390003e-09
"SEKER","SEKER",1.96662137338342e-06,2.47353952699591e-16,2.99400844751502e-06,0.0340229881805354,1.75881605718176e-11,0.965790668323074,0.000181382848981734
"SEKER","SEKER",4.27353755844959e-07,5.03230367330276e-19,3.72198539935512e-09,0.000128086187466577,2.20652442082221e-12,0.999871467145066,1.55895193566779e-08
"SEKER","SEKER",1.01429932329965e-06,2.70565932582855e-17,1.15155747451057e-07,0.00795855647025184,4.50767742944305e-12,0.992030052048788,1.02620213814599e-05
"SEKER","SEKER",1.5212379720923e-07,1.2068291492781e-17,2.32571235224596e-08,0.00160510613467046,4.9027625517373e-16,0.998381555847497,1.31626369110922e-05
"SEKER","SEKER",1.15397046863088e-07,9.19786340079485e-19,2.13145967270439e-08,0.000345910752640401,2.61976727950608e-13,0.999653543697264,4.08838190476894e-07
"SEKER","DERMASON",4.45890133798117e-05,3.34181058659954e-13,9.54092241133464e-05,0.911431195268123,7.4202753000986e-09,0.0539977483169218,0.0344310507568526
"SEKER","SEKER",3.3668398266729e-07,2.08615635528652e-16,2.00052155432531e-06,0.0174270485887324,9.89478597384416e-14,0.981019747272643,0.00155086693298792
"SEKER","SEKER",5.1763678184552e-07,1.01248962843006e-17,5.83226468080011e-08,0.00260229739076637,1.57381467798949e-12,0.997393037741322,4.08890690943379e-06
"SEKER","SEKER",6.01629544832274e-08,6.50460401973186e-18,6.63769321309721e-08,0.00266816642111298,2.59679574484293e-14,0.997275814643018,5.58923959567162e-05
"SEKER","SEKER",5.20864376132238e-07,4.06263392059955e-18,8.2218483322641e-10,0.000549086753055163,2.6670133102374e-13,0.999449579386887,8.12173230374197e-07
"SEKER","SEKER",7.59343327463596e-07,3.43246597197284e-18,6.49429477512339e-09,0.000661972996228755,2.19088310821543e-12,0.999336979729224,2.81434734114398e-07
"SEKER","SEKER",8.40711715641035e-07,5.41077856990344e-17,7.15870366790706e-08,0.00807790459222022,1.18674931016523e-12,0.991871594168274,4.9588939566719e-05
"SEKER","SEKER",1.2973880845436e-06,3.27963347999902e-17,8.4395801999473e-09,0.00440718312711717,1.30924614475914e-12,0.995580694873818,1.08161700905322e-05
"SEKER","SEKER",4.30679234140945e-07,5.14202184432542e-19,2.83634487161893e-09,5.29129083010911e-05,1.52011146574952e-12,0.999946640807045,1.27675545781885e-08
"SEKER","SEKER",3.92352515300975e-07,1.11558681492482e-18,1.87581126650561e-09,0.000173477984130747,6.28226046098158e-13,0.999826042112329,8.56745857199512e-08
"SEKER","SEKER",2.93123969660964e-06,1.87808991126956e-17,1.02828706966148e-08,0.00306194061230928,1.24838003388129e-11,0.99693414636819,9.71484449717292e-07
"SEKER","SEKER",4.13602148948757e-06,6.57366315905217e-16,4.82080049843947e-07,0.0594799686073702,1.30466889007266e-11,0.940065931219524,0.000449482058518789
"SEKER","SEKER",3.15605727393014e-07,4.80780005981401e-19,2.28699830571913e-09,2.2041930043238e-05,5.96278908744662e-13,0.99997762509079,1.50858448285169e-08
"SEKER","SEKER",1.28961322183348e-06,6.82666522042355e-16,5.3261369872846e-07,0.0417195538655387,1.84655553732326e-13,0.956407991121555,0.00187063278580019
"SEKER","SEKER",4.5911140251104e-07,6.42869038986286e-19,2.79857033221366e-09,6.86690471047065e-05,1.47451549026726e-12,0.999930850578822,1.84626257589665e-08
"SEKER","SEKER",6.91301862356111e-07,1.42533594754448e-17,3.24585936677761e-08,0.00229910091893458,1.4425155081364e-12,0.997695331966981,4.84335218518538e-06
"SEKER","SEKER",2.41041454545658e-06,1.35628355176607e-17,9.54264940779972e-09,0.00224986170830134,1.02280751747797e-11,0.997747029502533,6.88821742993942e-07
"SEKER","SEKER",1.07041501284715e-08,6.90767313642179e-20,5.72081960859998e-10,1.11785969347808e-05,2.86777368539732e-16,0.99998873187677,7.82500628843189e-08
"SEKER","SEKER",4.68936389623341e-07,1.01047978347794e-15,8.93351416536533e-05,0.0439986795767679,4.28762569181909e-14,0.950381646114547,0.00552987023059754
"SEKER","SEKER",8.22786522038429e-08,2.87171405518035e-19,4.56099373350595e-09,8.86397771391424e-05,1.29632528461366e-13,0.999911202612376,7.07707095436676e-08
"SEKER","SEKER",0.000132233602055219,5.14588769190323e-17,3.08732283018565e-08,0.000154480475293474,1.00552869515572e-08,0.999713239940464,5.05367196172393e-09
"SEKER","SEKER",2.28445455361038e-07,1.63749322824624e-17,1.00804258371352e-07,0.00213934355305787,2.20995104515945e-13,0.997828854763541,3.14724334662984e-05
"SEKER","SEKER",8.85920946547587e-06,2.137767997978e-16,1.79899604086412e-09,0.00533591844077649,4.48762277558708e-12,0.994637871772675,1.73487735992499e-05
"SEKER","SEKER",5.54465068991982e-07,1.97489989198829e-18,3.66718146598299e-09,0.000193067767962341,1.07175991690474e-12,0.999806243947005,1.30151710733456e-07
"SEKER","SEKER",3.69196737443705e-05,3.6747765308413e-14,1.1943795700353e-05,0.369045980001781,2.86115148911941e-10,0.615973584441618,0.0149315718010042
"SEKER","SEKER",2.56207223603668e-06,4.90907067704547e-17,4.1825222457505e-08,0.00445953503597143,8.55639609891782e-12,0.995531565733251,6.29532476222511e-06
"SEKER","SEKER",2.20853280836474e-07,1.75958029247689e-17,4.15982430814076e-07,0.00341076596825228,4.97126495782734e-13,0.996552687290853,3.59099046859447e-05
"SEKER","SEKER",4.32380628999433e-06,3.98451450754858e-17,6.96710203040974e-09,0.00193225304565668,9.52631875707908e-12,0.998061608467136,1.80770428902847e-06
"SEKER","SEKER",1.49748403896359e-06,4.6598410888969e-17,8.49492561601673e-08,0.00468898340854189,4.36113176087559e-12,0.995296633032334,1.28011214678417e-05
"SEKER","SEKER",1.09101909442051e-06,1.0095674961723e-17,2.15665403878837e-09,0.000487166813594797,7.71186007013436e-13,0.999510633549992,1.10645989305253e-06
"SEKER","SEKER",4.70474740791405e-07,4.17051847442252e-19,3.39037832230889e-09,7.1812611234303e-06,1.41404981760409e-12,0.999992340433734,4.43860966825932e-09
"SEKER","SEKER",1.80401432837611e-07,7.87869999807934e-18,6.41910836455017e-08,0.00112111410515815,1.81981843387012e-13,0.998867461399702,1.11799024418784e-05
"SEKER","SEKER",3.86307006175398e-08,6.75497027353876e-19,3.6736721020265e-09,9.00446085299276e-05,8.32113523213147e-15,0.999908833104784,1.0799823054998e-06
"SEKER","SEKER",1.01784898268075e-06,5.36887653817863e-17,8.68953876876454e-08,0.00296790531786622,1.50854643663941e-12,0.997004221053099,2.67688831555626e-05
"SEKER","SEKER",3.94123944313049e-08,1.79048079942927e-18,6.72429329258706e-08,0.000311998616671709,2.46429931522358e-14,0.999681596240661,6.29848731478935e-06
"SEKER","SEKER",2.61440202856844e-06,1.73706434237671e-18,8.68071265930756e-09,5.18419560775646e-05,3.40208257934134e-11,0.999945529453046,5.47411466009922e-09
"SEKER","SEKER",2.23925829294372e-06,1.82442297129953e-17,1.3874663235193e-08,0.00132340034955204,6.94352184928323e-12,0.99867325981457,1.08669597874927e-06
"SEKER","SEKER",1.78828261004561e-05,8.73700353372094e-18,1.52161212273886e-08,2.73673708522338e-05,4.03354976796996e-10,0.999954730572201,3.61136971668948e-09
"SEKER","SEKER",1.21596046249526e-06,1.44146374175296e-17,1.36550847865863e-08,0.00166366590173446,2.64377018661966e-12,0.998333093407574,2.01107250065088e-06
"SEKER","SEKER",1.50748861604749e-07,1.10982386163651e-18,3.5679044881594e-09,0.000117591669643717,1.10833781641229e-13,0.999881926468654,3.2754482532026e-07
"SEKER","SEKER",1.78452936685706e-06,9.64224234006996e-18,5.68138513561115e-09,0.000494249241949775,3.97847460324899e-12,0.999503543730049,4.16813270776709e-07
"SEKER","SEKER",6.8860184283434e-06,2.13454163795669e-16,3.98236607528189e-08,0.00878537600038362,1.78222507796001e-11,0.991186434117909,2.12640217953997e-05
"SEKER","SEKER",2.74189097657063e-06,1.96281408979085e-18,8.0517846613212e-09,2.38272001582662e-05,2.61404500757906e-11,0.999973417727223,5.10371713557428e-09
"SEKER","SEKER",1.54913805725418e-06,2.98614813313155e-16,8.75168098469677e-08,0.00947362202326281,3.71093697437696e-13,0.990192941137593,0.000331800183905353
"SEKER","SEKER",0.000566760561796536,1.10839354493701e-16,3.35088536627019e-07,0.000166860642672295,3.32918433073226e-07,0.999265709196727,1.5918346110343e-09
"SEKER","SEKER",1.38310058749381e-07,2.90653615562948e-17,1.24016822128577e-06,0.00249092930142892,1.72226350980796e-13,0.99736130404715,0.000146388172968911
"SEKER","SEKER",1.20314564059369e-06,2.02400384746187e-17,3.30942787761899e-08,0.00220765504812794,3.18893501970511e-12,0.997787428162698,3.68054606517454e-06
"SEKER","SEKER",1.50162631449487e-06,6.05379659074179e-17,1.43545659373463e-07,0.00451774471342604,4.52694540542573e-12,0.99546193653614,1.86735739328065e-05
"SEKER","SEKER",4.22502746148189e-06,4.40536757822648e-18,5.31724919831287e-09,5.42621754954751e-05,2.83191126294549e-11,0.999941493338068,1.41134070464265e-08
"SEKER","SEKER",4.23074813947921e-05,3.22429415204009e-14,6.63802800779983e-06,0.22231296786365,2.56262231894896e-10,0.768519382872014,0.00911870349863885
"SEKER","SEKER",5.37512081195422e-06,4.48072077683232e-16,3.99197243437648e-07,0.0147118732681268,2.12509505479704e-11,0.985180548276537,0.000101804116028891
"SEKER","SEKER",0.398465537331105,3.66085382340093e-14,1.27738135103995e-08,0.0230069780934218,0.000129864725074588,0.578397570530211,3.65463373339814e-08
"SEKER","SEKER",1.37980666749239e-05,5.36675746927362e-17,1.65075491118771e-09,0.00123819877595405,3.25805409266602e-11,0.998747513056599,4.88417436258356e-07
"SEKER","DERMASON",2.10771641129153e-05,5.31060952509407e-13,0.00187796159721469,0.794910007793365,5.82088664521442e-09,0.0464756535701844,0.156715294053705
"SEKER","SEKER",9.96601269718028e-06,5.55264522104471e-18,1.32673537214114e-08,2.24387611562213e-05,1.71729780936116e-10,0.999967577953359,3.83370432248374e-09
"SEKER","SEKER",1.62688591910164e-05,9.60505792894213e-15,4.38994684797673e-06,0.106394515761918,6.49299302610996e-11,0.888845424757646,0.00473940060945668
"SEKER","SEKER",1.60601984302658e-06,8.55113188228848e-18,2.68654691030364e-08,0.000686244566528212,8.94258745493653e-12,0.999311749029307,3.73509910512562e-07
"SEKER","SEKER",2.57828308647314e-06,6.38778173145638e-17,1.79234029899061e-08,0.00203450800502413,3.41543113327482e-12,0.997954156456108,8.73932896282104e-06
"SEKER","SEKER",2.61500121201032e-07,6.01967420404711e-19,6.76764899193464e-09,2.17974165076038e-05,5.82774389369471e-13,0.999977907573384,2.67417557659928e-08
"SEKER","SEKER",2.42889119784485e-06,3.44928232905474e-17,1.07495712277353e-07,0.00223329972177068,1.51724186790098e-11,0.997761441469012,2.72240713419571e-06
"SEKER","SEKER",1.31787030148519e-07,1.81135275863085e-17,1.14894226141757e-07,0.000990061023188011,1.53749846555954e-14,0.998955415395422,5.42769001182004e-05
"SEKER","SEKER",3.45377775520078e-06,2.57432055658648e-18,9.3485361067646e-09,3.8314517915481e-05,3.94394485773956e-11,0.999958215907654,6.40870025349358e-09
"SEKER","DERMASON",1.03535496487103e-05,5.94481966794026e-13,0.00281969260383307,0.63200785445152,1.87251824086145e-09,0.146098063388977,0.219064034132909
"SEKER","SEKER",3.17271052521727e-07,3.17607088870699e-18,2.15261211968151e-08,0.000344375277009563,6.27775623155441e-13,0.999654564139987,7.2178520178282e-07
"SEKER","SEKER",7.5129165101603e-06,1.16465767625979e-15,3.85801119156125e-07,0.016448801873935,1.49017587448691e-11,0.983192187682277,0.000351111711255897
"SEKER","SEKER",4.26758376478661e-07,7.55906701369818e-18,7.78720233025773e-08,0.000494178928004148,1.06645230742173e-12,0.999503295471771,2.02096875818067e-06
"SEKER","SEKER",1.29914652483854e-06,1.54474673373674e-18,5.93925704125825e-09,4.49888438584619e-05,7.10696114725507e-12,0.999953692498354,1.35648983284584e-08
"SEKER","SEKER",1.01275577150592e-06,2.01937080814243e-17,5.3477230248041e-08,0.00104272556067073,2.37597469176376e-12,0.998952488821285,3.7193826670456e-06
"SEKER","SEKER",1.96021170937852e-06,5.65813707458589e-17,1.14103637266588e-07,0.00217082233686183,6.10597936849091e-12,0.997818036609224,9.06673246097758e-06
"SEKER","SEKER",7.89662945449097e-06,1.21443146481059e-15,1.5336219011308e-06,0.0323331098017095,5.14554028351782e-11,0.967346934364225,0.000310525531253399
"SEKER","SEKER",5.75617195487035e-07,6.36001833649721e-19,7.24339664180919e-09,1.93648590836508e-05,2.85720321301126e-12,0.999980044295665,7.98180160329709e-09
"SEKER","SEKER",1.00357364078774e-05,6.73582207149379e-14,0.00036799379646004,0.208689243388012,5.47061596499083e-11,0.746270984733278,0.0446617422910686
"SEKER","SEKER",1.93653916827267e-07,1.22256500292723e-18,8.35935599616387e-09,7.16459461932049e-05,2.36516215874478e-13,0.999927945487024,2.06553273042379e-07
"SEKER","SEKER",1.21434119684476e-05,5.7103702202527e-16,4.83729810718409e-07,0.0103052276506766,8.89040724845124e-11,0.989643643921842,3.85011967975454e-05
"SEKER","SEKER",2.68780175662309e-06,7.88389614921044e-21,2.99158810043133e-09,0.0133323007168282,8.57899150740568e-20,0.986646175756309,1.88327335179621e-05
"SEKER","SEKER",6.3561878752257e-07,3.15877146524771e-18,3.65720345132701e-08,0.000196525628710066,3.04514768213504e-12,0.999802611691346,1.90486076468885e-07
"SEKER","SEKER",1.55180530198922e-07,7.93265489233671e-19,7.38355271975918e-09,2.97001111768738e-05,1.69801254640996e-13,0.999970028746326,1.08578244508254e-07
"SEKER","SEKER",3.96428526953421e-07,1.59063905134685e-17,6.72255296270265e-08,0.000512046041262122,3.96631078866642e-13,0.999478810189499,8.68011478578979e-06
"SEKER","SEKER",7.54314717378288e-07,2.10812808396386e-16,4.38602167523646e-07,0.00404369603422285,1.40560132786362e-13,0.995631384055203,0.000323726993548415
"SEKER","SEKER",2.85037881242489e-05,4.4450016451832e-14,0.000116492698739666,0.33663019290704,5.92329700172614e-10,0.642940412092139,0.0202843979215823
"SEKER","SEKER",2.633844086499e-06,6.79131690491186e-18,4.45867745823547e-09,0.000125599361613974,7.84291654372502e-12,0.999871679017654,8.33101253285648e-08
"SEKER","SEKER",3.2078021398953e-07,5.13322672369372e-18,2.7590413773434e-08,0.000248470668873526,4.15552327293827e-13,0.999749705649196,1.47531088716511e-06
"SEKER","SEKER",6.25239521948309e-07,2.81965858945583e-18,2.88184448581692e-08,0.000190787249895864,2.88954293626471e-12,0.999808396507249,1.62181998533516e-07
"SEKER","SEKER",1.39390270975501e-06,4.24566616627137e-17,8.00986552655239e-08,0.00125078703849574,2.82386218437262e-12,0.998739295889884,8.44306743092512e-06
"SEKER","SEKER",0.000576909243456275,1.19658025209366e-16,2.99000786503786e-07,0.000186720127986157,3.20029730289808e-07,0.999235749809159,1.78888124297648e-09
"SEKER","SEKER",1.18919711545123e-05,2.94168824058814e-15,5.02416268725691e-06,0.0374499112425755,8.91626250058776e-11,0.96177495496934,0.000758217565076697
"SEKER","SEKER",2.98629285330396e-07,1.85572284284022e-16,8.26449820646837e-06,0.00263828574641856,3.23362745040833e-14,0.996857258487284,0.000495892638772816
"SEKER","SEKER",0.0014366818609263,2.12715358743543e-16,7.58257335672035e-07,0.000363231219996947,2.11837984570178e-06,0.998197208889442,1.39245307624985e-09
"SEKER","SEKER",1.13960538448525e-06,2.04223753152251e-18,1.70356748921428e-08,8.35258869721378e-05,8.40310063685146e-12,0.999915288083484,2.93800817516272e-08
"SEKER","SEKER",7.14823194674979e-07,1.32291654614907e-18,7.46804229590357e-09,2.26538827564265e-05,2.26836196826644e-12,0.999976602161935,2.16618033372657e-08
"SEKER","SEKER",2.2207859094863e-06,7.01217088297395e-17,2.74969634807558e-07,0.00258377911625615,1.06840466458243e-11,0.997403313865788,1.04112517279022e-05
"SEKER","SEKER",4.58220318889918e-06,7.50736986887523e-17,1.61407116781865e-07,0.00151855392138358,2.86555016625201e-11,0.998473286945741,3.41549391411969e-06
"SEKER","SEKER",4.94980946417469e-06,5.35767964510866e-17,2.69511174239432e-08,0.00114367104113316,1.71592542582781e-11,0.998849531366811,1.82081431545874e-06
"SEKER","SEKER",3.47844306904306e-07,1.50247647009366e-18,4.73250705865217e-09,2.11840568548215e-05,3.19206882725187e-13,0.999978372258373,9.11076392009687e-08
"SEKER","SEKER",1.15467161346271e-07,1.89195427507337e-16,0.000311973928203952,0.00197629965225703,2.67145441177408e-17,0.997080755747104,0.00063085520527385
"SEKER","SEKER",7.94817676049575e-06,1.88102998808701e-15,3.5466938573639e-06,0.034043096829865,5.59861499735008e-11,0.965348306717873,0.000597101525656641
"SEKER","SEKER",2.37206050943186e-07,6.92284787278848e-19,6.1442435851901e-09,5.41266210875605e-06,1.0829903454851e-14,0.99999431533009,2.86574961586461e-08
"SEKER","SEKER",4.32090883765798e-07,2.51276665218982e-18,8.44879572524634e-09,5.70584852154421e-05,5.71662606650483e-13,0.999942307820504,1.93154029816373e-07
"SEKER","DERMASON",7.56071934158323e-05,2.73592009175239e-13,0.000213405035235094,0.584975956877038,1.78254720725651e-09,0.332175600350855,0.0825594287606356
"SEKER","SEKER",2.69630770305705e-05,5.87010280683539e-15,1.01567025871208e-05,0.0490843449224526,4.32790795434624e-10,0.95023848930329,0.000640045561842938
"SEKER","SEKER",2.37191785081624e-06,6.03512835993919e-17,1.31582689970858e-08,0.000832785415937026,2.01247432989829e-12,0.999157605496638,7.22400929267937e-06
"SEKER","SEKER",1.22269147327077e-05,1.54798494620392e-17,4.0584941383479e-09,5.52370399359255e-05,6.36590185258286e-11,0.999932507213099,2.47100796541956e-08
"SEKER","SEKER",1.33263357126363e-05,6.45174543030771e-18,3.39075324419288e-08,2.83901247325212e-05,4.7227415980858e-10,0.999958246114784,3.04496452237774e-09
"SEKER","SEKER",1.53333913230562e-06,1.81302891890182e-18,6.69955325446561e-09,1.14771505560142e-05,6.4155739230824e-12,0.999986973527514,9.27682928769683e-09
"SEKER","SEKER",6.8349465429461e-05,1.39404561463583e-13,0.000214273669689917,0.295501031839855,1.28181510784625e-09,0.665264552355665,0.0389517913874055
"SEKER","SEKER",4.53525246130473e-05,2.70557500853132e-17,1.8897493327317e-08,7.62112400017152e-05,1.35011851709197e-09,0.999878408339578,7.64819568742209e-09
"SEKER","SEKER",8.13395662393084e-07,2.95102242017481e-17,1.51474919359362e-07,0.000705545786254922,1.65219755572013e-12,0.999285294753902,8.1945876094816e-06
"SEKER","SEKER",4.39838645048287e-06,5.50175812208332e-15,0.000205855217473234,0.0338446115933298,8.34185147657263e-11,0.961573744209106,0.00437139051021651
"SEKER","SEKER",2.49044842008556e-05,5.38334254048289e-15,6.88533529444866e-07,0.0246223555065301,6.20280633103753e-11,0.974566410439075,0.000785640974631271
"SEKER","SEKER",9.56691122418097e-05,8.32734295607727e-15,5.25700374129512e-07,0.0422708184088381,6.90020952958241e-10,0.957397809160305,0.000235176928211899
"SEKER","SEKER",4.26671809255179e-07,1.72306737971066e-17,3.29925861178234e-07,0.000576208280918492,1.09399761624274e-12,0.999415442998992,7.59212132506323e-06
"SEKER","SEKER",7.67866316765163e-05,2.78043233062184e-14,2.25299440834934e-05,0.110310494236917,2.08847594234486e-09,0.88786545960702,0.00172472749179959
"SEKER","SEKER",7.88600225097674e-06,3.12152326203167e-17,2.68140865419731e-09,0.000144152200650644,1.29467215413135e-11,0.999847720729978,2.38372764985966e-07
"SEKER","SEKER",7.04793980531191e-05,5.75277623199733e-14,2.89066503006645e-05,0.173418853927082,1.16447335940478e-09,0.81908440227449,0.00739735658554298
"SEKER","SEKER",2.1545408714846e-05,8.19163471195342e-15,6.78480016077256e-06,0.0385036897581215,1.37849928226361e-10,0.959810117176477,0.00165786271866769
"SEKER","SEKER",6.71880999955108e-07,2.1042655971178e-18,1.07866850397315e-08,2.97413077564749e-05,1.64086081825946e-12,0.999969519494013,5.65289043273195e-08
"SEKER","SEKER",8.74385949266123e-06,3.5946084007595e-15,7.96209719826067e-05,0.0373868282975326,3.13987940224707e-10,0.961677357556347,0.000847449000653946
"SEKER","SEKER",2.76304774722996e-05,8.01044978168965e-15,1.38600675989651e-06,0.0296811498534372,8.98317250047185e-11,0.969100822468025,0.00118901110446556
"SEKER","SEKER",1.47360939379573e-06,3.61289478313108e-18,1.68675193842182e-08,6.56693798857171e-05,7.61215799662442e-12,0.999932790234715,4.99008732922449e-08
"SEKER","SEKER",6.81005303486465e-05,8.98511938584838e-14,9.41825449753669e-05,0.206791195724703,1.11235349279331e-09,0.774585965695763,0.0184605543917662
"SEKER","SEKER",1.27826741367573e-06,2.06722060101002e-17,1.27202217849581e-07,0.000408098172937231,4.74167758300874e-12,0.999588638344153,1.85800853606579e-06
"SEKER","SEKER",2.59498423449665e-06,3.87707966091572e-17,4.51567841446925e-08,0.000438486350349083,6.39025994005526e-12,0.999556789488267,2.08401397498986e-06
"SEKER","SEKER",3.82962098374614e-06,5.93275344750204e-18,9.46356284634158e-09,5.71790847276497e-05,2.37417484309162e-11,0.99993895512807,2.66789136750586e-08
"SEKER","SEKER",2.23587482792203e-06,1.37057596947601e-16,7.28197738832414e-08,0.000915455065993767,1.8212065190071e-12,0.99905328282896,2.89534086234997e-05
"SEKER","SEKER",1.8787245574614e-06,7.11245241631751e-18,2.08948789185538e-08,9.24945409072125e-05,7.820033513026e-12,0.999905484392548,1.21439287905935e-07
"SEKER","SEKER",2.34228837472632e-05,7.32893767970231e-16,2.22375607744523e-07,0.00497879782049979,1.40620221726075e-10,0.994978363905961,1.91928735633358e-05
"SEKER","SEKER",0.000212551073853661,5.43509304741278e-17,1.6362933086286e-07,7.31081811464968e-05,5.09533266137363e-08,0.999714124388118,1.77422467367295e-09
"SEKER","SEKER",2.43138690117053e-05,2.69091710104282e-16,9.95781429496431e-09,0.000950940459250867,5.05087482530684e-11,0.999022059348071,2.67631534290044e-06
"SEKER","SEKER",3.75467994623734e-06,1.19622306054974e-15,7.14419277051358e-07,0.0050755944486509,1.77312856315744e-12,0.994305978821535,0.000613957628816016
"SEKER","SEKER",0.000646008984762188,1.21796211634459e-16,4.09480327077694e-07,0.000143658055109938,4.20874399164731e-07,0.99920950115591,1.4494915732102e-09
"SEKER","SEKER",5.05502081613688e-05,4.64204555723258e-14,4.23017476283843e-06,0.0355799248331772,5.79243228843183e-11,0.955791703010489,0.00857359171543864
"SEKER","SEKER",4.06916452302774e-05,2.38318916820731e-17,2.05918065124896e-08,4.69839594948646e-05,1.13169410733969e-09,0.999912296389976,6.28179766102855e-09
"SEKER","SEKER",2.03073208205931e-06,1.33941491626804e-16,1.00969526622629e-06,0.00203404210309439,9.1172122004333e-12,0.997932990382142,2.99270782980701e-05
"SEKER","SEKER",3.99710248248513e-06,5.3112616689613e-18,8.73956152602088e-09,2.09093412424934e-05,2.13662506702308e-11,0.999975069198662,1.55966855870352e-08
"SEKER","SEKER",2.4334438682762e-05,4.79312706172104e-15,1.21159732469586e-06,0.0217311743582027,1.01971154291462e-10,0.977694768853136,0.000548510650677772
"SEKER","SEKER",3.81070059345304e-06,4.51805443349095e-18,1.71477933903412e-08,4.19703187748049e-05,3.90319398713413e-11,0.999954187491332,1.43024740658213e-08
"SEKER","SEKER",1.09716510090463e-05,4.38723566262335e-14,0.000310484493955746,0.0495258551784579,2.82747802824861e-11,0.929556612294894,0.0205960763533645
"SEKER","SEKER",1.88484939887632e-06,3.56171021071722e-17,2.22090831690777e-07,0.000512146442555513,8.97888729336629e-12,0.999483151011169,2.59559706570058e-06
"SEKER","SEKER",3.66491006907338e-05,1.32335149729974e-13,0.000262093343320566,0.186404191487933,1.91575914313015e-09,0.790295868207516,0.0230011959446482
"SEKER","SEKER",1.19763241871188e-05,2.02401530322749e-15,5.32312510515907e-05,0.0169426251191788,4.2112932065292e-10,0.982767498555968,0.000224668328483459
"SEKER","SEKER",7.20285651415388e-06,8.01920389353315e-16,1.78927357536676e-06,0.00465262304532678,3.54352040969599e-11,0.995226661857582,0.000111722931565981
"SEKER","SEKER",1.56801260391927e-06,3.62402118917704e-17,1.580837750517e-07,0.00044079433221979,4.78514911452626e-12,0.999553887021629,3.59254498715623e-06
"SEKER","SEKER",2.93357557357011e-06,1.11581378443013e-16,2.5786592071348e-06,0.00175208387584386,4.09638385647764e-11,0.998232633814894,9.77003351694652e-06
"SEKER","SEKER",4.5835640498248e-06,1.87730073908548e-14,0.000291090900087094,0.032764011661292,1.31343474123389e-11,0.953823730694129,0.0131165831672889
"SEKER","SEKER",0.000127223853414835,2.61880948802168e-17,1.31163645304692e-07,2.22061854918894e-05,1.69748811535265e-08,0.999850420657216,1.1653508232601e-09
"SEKER","SEKER",2.41440354630686e-06,1.56958742183845e-17,3.28922062692314e-08,0.000181301065655187,9.15094350006107e-12,0.999815873224686,3.78404755170874e-07
"SEKER","SEKER",7.60616445340996e-07,8.47510462909701e-18,4.91681989695095e-08,7.66351590610124e-05,1.5199230117902e-12,0.99992194621105,6.08843724566705e-07
"SEKER","SEKER",5.40641232043021e-06,2.69266506821836e-17,8.34105652310336e-09,0.000148232437818651,1.28420890252867e-11,0.999846055259672,2.97536290238308e-07
"SEKER","SEKER",1.29599696086737e-06,3.0304784904153e-17,4.87657283764638e-07,0.00042905684517016,7.23784560429427e-12,0.999566105564474,3.05392887289168e-06
"SEKER","SEKER",1.62045508695854e-05,3.01828172919654e-16,2.57537393692167e-08,0.00111012250674335,3.39451690305081e-11,0.998867758182155,5.88897254705745e-06
"SEKER","SEKER",5.75505381155286e-06,4.91111736555663e-17,3.88437079232629e-08,0.000495202105631634,2.50902493560863e-11,0.999498073486819,9.30484940048928e-07
"SEKER","SEKER",9.75808823578979e-07,1.93366358988208e-18,2.14018307166303e-08,2.36264560579004e-05,5.28540242806268e-12,0.999975353081933,2.32460693977079e-08
"SEKER","SEKER",2.64934425850649e-05,2.66207100314812e-15,6.57872202633499e-06,0.0208151979739492,4.97811818436265e-10,0.979002005582065,0.000149723781560007
"SEKER","SEKER",6.47403145951385e-07,2.02195514334518e-18,2.07139167045051e-08,2.30083131375041e-05,2.11171171959472e-12,0.999976275279502,4.82881861278151e-08
"SEKER","SEKER",3.37703046606309e-06,1.06087443082963e-16,3.89123899031596e-07,0.00124739270358393,1.78992312322791e-11,0.99874052417994,8.31694421135665e-06
"SEKER","SEKER",2.4172677859495e-05,2.87804616708505e-15,3.26576591244435e-06,0.0155890458375211,2.63390735160187e-10,0.984197416986598,0.000186098468715361
"SEKER","SEKER",1.61308918078323e-05,2.17590498717585e-15,9.88149746308002e-06,0.0160120862752001,2.98130349792131e-10,0.983779041185826,0.000182859851570102
"SEKER","SEKER",3.23988484463942e-05,2.51947207632615e-15,3.8660488607846e-07,0.00654102392320634,1.18967780224401e-10,0.99332481942851,0.000101371075981397
"SEKER","SEKER",0.000149296427786834,7.51370629535914e-17,3.45201379216873e-08,6.44739412730097e-05,7.39730671154644e-09,0.999786181310046,6.40344895670383e-09
"SEKER","SEKER",5.21902006336225e-06,3.50589098136679e-19,8.9923102554531e-10,2.66587173841614e-06,4.29959487090496e-17,0.999992111667894,2.54107351621089e-09
"SEKER","SEKER",0.000192892061000193,7.81094358950774e-13,0.000110735916678885,0.37162116679357,8.4411042344914e-09,0.582814157553265,0.0452610392336002
"SEKER","SEKER",2.37533423815388e-06,1.09254580812137e-17,9.1991056478926e-08,0.000146218466137576,2.05072164082927e-11,0.99985113970905,1.74479010487784e-07
"SEKER","SEKER",2.74106552879089e-05,4.77208770883773e-17,1.19453141292654e-08,0.000149218464452226,2.53010338065535e-10,0.999823299555629,5.91263069111778e-08
"SEKER","SEKER",7.8748322265525e-06,2.70568096842485e-15,5.58855743494898e-05,0.0083862176973818,1.36387465665652e-10,0.991029529090466,0.000520492669185943
"SEKER","SEKER",0.000266149104197263,6.01686784712545e-17,2.58551311317716e-07,8.63629450138706e-05,9.76528937377606e-08,0.999647130265267,1.48131680086916e-09
"SEKER","SEKER",0.000247739918530816,1.89082142839319e-13,0.000100908041619126,0.284973966612589,1.93333639131555e-08,0.709232400018483,0.00544496607522434
"SEKER","SEKER",2.56951058810532e-05,1.44796041762334e-17,4.65319339546166e-08,1.84415880539105e-05,8.18555087758541e-10,0.999955811870968,4.08460760834614e-09
"SEKER","SEKER",1.11275189403815e-06,8.3113622793604e-18,3.56106461193106e-08,3.06918291889494e-05,2.19120972015063e-12,0.999967898744258,2.61061821697363e-07
"SEKER","SEKER",2.44144231358048e-05,4.14650872208283e-14,0.000275751089136228,0.0595768147059037,8.68419169388196e-10,0.932030439247754,0.00809257966560992
"SEKER","SEKER",8.79427403617262e-06,5.37844978373818e-14,0.000966296242855073,0.0592299863661747,5.46062940649041e-11,0.898088732507503,0.0417061905547714
"SEKER","SEKER",2.30753800625261e-05,1.98456541448746e-13,0.00241266963244253,0.0456060999200647,7.31389952842138e-12,0.934750937336587,0.0172072177233308
"SEKER","SEKER",5.76025739227468e-06,9.01957561852818e-18,1.83970577896092e-08,2.04605659416796e-05,3.96142903152903e-11,0.999973740247652,2.04923415086257e-08
"SEKER","SEKER",2.69795503164635e-06,3.90345901695521e-16,9.04843783939446e-07,0.00103888901473983,3.84537539190456e-12,0.998852166974048,0.000105341208550374
"SEKER","SEKER",5.88327734308058e-06,9.84573268365901e-17,1.47558340034093e-07,0.000515068722256988,2.69494022544911e-11,0.999476182934784,2.71748032680613e-06
"SEKER","SEKER",2.4354350443841e-06,2.18657785137844e-17,5.07846576236019e-08,0.000145886942734466,7.96812594698744e-12,0.999851022452869,6.04376726124381e-07
"SEKER","SEKER",4.63051887845338e-06,1.84950640787007e-16,4.79576304471789e-07,0.00107447095648197,2.1424829350144e-11,0.998907882647332,1.25362795778271e-05
"SEKER","SEKER",1.85944610907309e-06,4.88209803618698e-18,4.32253571088901e-08,3.6931344025351e-05,1.3023255523311e-11,0.999961120838672,4.51328129891183e-08
"SEKER","SEKER",5.00764346774068e-05,1.71876503494769e-14,1.14656902233027e-05,0.0408880886398168,5.7550453070667e-10,0.957622698288786,0.0014276703709744
"SEKER","SEKER",7.43698542378732e-05,3.10357144982167e-17,6.2966458304619e-08,3.49701247912905e-05,5.07070403108893e-09,0.999890588838483,3.14532590279357e-09
"SEKER","SEKER",3.74759133729729e-06,4.3923955910064e-17,3.19482609312005e-07,0.000413261496681179,3.39021985797336e-11,0.999581515002579,1.1563928907529e-06
"SEKER","SEKER",0.000172832810509097,4.43947754134862e-17,1.90712098061117e-07,5.65423460630191e-05,4.13367688281729e-08,0.999770391218304,1.57625690457862e-09
"SEKER","SEKER",3.33506225620166e-06,1.76055398262248e-17,9.79811182000356e-08,0.000133694833779988,2.60145623207619e-11,0.999862643296918,2.28799912628442e-07
"SEKER","SEKER",2.13655732130861e-06,1.16347719984456e-17,9.35247217896162e-08,9.10960332076767e-05,1.39543537463919e-11,0.999906473558746,2.00312048830815e-07
"SEKER","SEKER",1.02249677346909e-06,4.15954775417686e-17,1.97324370055271e-07,7.02496661357375e-05,2.39865644009108e-13,0.99992370428952,4.8262229602463e-06
"SEKER","SEKER",0.000102926558161764,4.78787430535063e-13,0.00035759918133605,0.198538898736762,7.32661336058743e-09,0.766445330179027,0.0345552380176216
"SEKER","SEKER",2.49749936923271e-06,1.14239189278821e-17,6.96000667749184e-08,0.000102336294463538,1.72250726512152e-11,0.999894935203994,1.61384881108642e-07
"SEKER","SEKER",2.32084805695034e-06,9.57248110592631e-16,9.40894388884281e-06,0.00267436241706682,5.242711362119e-12,0.996704821874469,0.000609085911275041
"SEKER","SEKER",2.45820591944539e-06,6.65841087389437e-16,3.28167807573419e-06,0.000641266473461225,2.923849623195e-13,0.999203495942011,0.000149497700239928
"SEKER","SEKER",6.37402803083454e-05,9.85439683691769e-14,0.000559245177961458,0.125647072540015,2.66305045583624e-09,0.859222616005379,0.0145073233331874
"SEKER","SEKER",6.36863803161753e-06,4.31603530728782e-15,2.6334017759243e-05,0.00822160667433611,3.17631335529753e-11,0.989968205345328,0.00177748529277782
"SEKER","SEKER",5.3920213274448e-05,6.82039453520194e-14,8.04452701167363e-05,0.0508980706277168,3.89222737565724e-10,0.935369804196485,0.0135977593031157
"SEKER","SEKER",0.0179286901113484,7.24969101357858e-18,2.79334174089368e-11,3.99036490731684e-05,4.45860365503541e-10,0.982031405138665,6.2711939474374e-10
